> tryi # number of iterations
[1] 2
> summary(fit.coda) # results summary

Iterations = 60002:89992
Thinning interval = 10 
Number of chains = 1 
Sample size per chain = 3000 

1. Empirical mean and standard deviation for each variable,
   plus standard error of the mean:

                    Mean        SD  Naive SE Time-series SE
a[1]           7.468e-01  0.018548 0.0003386      0.0003386
a[2]           5.966e-01  0.017026 0.0003108      0.0003235
a[3]           5.246e-01  0.016531 0.0003018      0.0003100
a[4]           6.139e-01  0.021572 0.0003939      0.0003939
a[5]           8.026e-01  0.011644 0.0002126      0.0002183
a[6]           5.387e-01  0.017071 0.0003117      0.0003117
a[7]           5.219e-01  0.023303 0.0004255      0.0004255
a[8]           5.195e-01  0.012529 0.0002287      0.0002695
a[9]           3.849e-01  0.034340 0.0006270      0.0006270
a[10]          5.982e-01  0.018744 0.0003422      0.0003422
a[11]         -5.137e-02  0.019232 0.0003511      0.0004937
a[12]          5.207e-01  0.027240 0.0004973      0.0007175
a[13]          3.033e-01  0.021732 0.0003968      0.0004298
a[14]          3.284e-01  0.037018 0.0006759      0.0007042
a[15]         -3.249e-02  0.013246 0.0002418      0.0003368
a[16]          5.691e-01  0.015948 0.0002912      0.0003252
a[17]          3.272e-01  0.019406 0.0003543      0.0003543
a[18]          5.910e-01  0.015107 0.0002758      0.0002965
a[19]          3.580e-01  0.022896 0.0004180      0.0004180
a[20]          3.884e-01  0.024555 0.0004483      0.0004618
b[1]           4.210e-02  0.019559 0.0003571      0.0003571
b[2]          -1.004e-04  0.017698 0.0003231      0.0003697
b[3]          -2.075e-02  0.017966 0.0003280      0.0003428
b[4]           1.835e-02  0.022645 0.0004134      0.0004378
b[5]           1.973e-02  0.012662 0.0002312      0.0002312
b[6]           6.794e-02  0.017616 0.0003216      0.0003216
b[7]           4.800e-02  0.024619 0.0004495      0.0004786
b[8]           6.535e-02  0.013497 0.0002464      0.0002568
b[9]           1.695e-01  0.035456 0.0006473      0.0006533
b[10]          4.228e-02  0.019063 0.0003480      0.0003480
b[11]          9.041e-03  0.022696 0.0004144      0.0006162
b[12]          4.660e-02  0.028649 0.0005230      0.0007937
b[13]          2.918e-02  0.022905 0.0004182      0.0004801
b[14]          2.301e-03  0.039796 0.0007266      0.0007764
b[16]         -3.595e-02  0.017365 0.0003170      0.0003306
b[17]         -4.605e-02  0.020747 0.0003788      0.0004122
b[18]         -3.650e-02  0.016242 0.0002965      0.0003309
b[19]          1.117e-02  0.024874 0.0004541      0.0004541
b[20]          4.670e-04  0.025549 0.0004665      0.0004665
deviance      -5.139e+03 56.589917 1.0331858      0.9385868
sd.uL[1]       9.726e-02  0.015145 0.0002765      0.0002765
sd.uL[2]       8.239e-02  0.012884 0.0002352      0.0002352
sd.uL[3]       8.506e-02  0.012971 0.0002368      0.0002368
sd.uL[4]       1.154e-01  0.017700 0.0003232      0.0003839
sd.uL[5]       5.444e-02  0.009696 0.0001770      0.0001828
sd.uL[6]       8.824e-02  0.013499 0.0002465      0.0002465
sd.uL[7]       1.283e-01  0.018526 0.0003382      0.0003382
sd.uL[8]       5.831e-02  0.009921 0.0001811      0.0001866
sd.uL[9]       1.921e-01  0.026523 0.0004842      0.0004842
sd.uL[10]      9.527e-02  0.014469 0.0002642      0.0002642
sd.uL[11]      5.084e-02  0.019170 0.0003500      0.0005766
sd.uL[12]      6.238e-02  0.029242 0.0005339      0.0011205
sd.uL[13]      7.577e-02  0.019463 0.0003553      0.0003996
sd.uL[14]      1.665e-01  0.033998 0.0006207      0.0006841
sd.uL[16]      5.700e-02  0.015215 0.0002778      0.0003262
sd.uL[17]      8.687e-02  0.017318 0.0003162      0.0003162
sd.uL[18]      4.937e-02  0.016464 0.0003006      0.0004031
sd.uL[19]      1.108e-01  0.020024 0.0003656      0.0003656
sd.uL[20]      1.186e-01  0.022494 0.0004107      0.0004249
vLH.pred[1]    8.020e-01  0.030884 0.0005639      0.0005639
vLH.pred[2]    5.965e-01  0.028107 0.0005132      0.0005408
vLH.pred[3]    4.974e-01  0.028105 0.0005131      0.0005276
vLH.pred[4]    6.379e-01  0.036217 0.0006612      0.0006830
vLH.pred[5]    8.285e-01  0.019558 0.0003571      0.0003571
vLH.pred[6]    6.278e-01  0.028610 0.0005224      0.0005068
vLH.pred[7]    5.848e-01  0.038614 0.0007050      0.0007533
vLH.pred[8]    6.052e-01  0.020759 0.0003790      0.0003936
vLH.pred[9]    6.070e-01  0.057282 0.0010458      0.0010458
vLH.pred[10]   6.537e-01  0.031237 0.0005703      0.0005350
vLH.prede[1]   8.006e-01  0.103675 0.0018928      0.0018928
vLH.prede[2]   5.972e-01  0.089560 0.0016351      0.0016503
vLH.prede[3]   4.961e-01  0.091134 0.0016639      0.0016639
vLH.prede[4]   6.367e-01  0.122547 0.0022374      0.0022405
vLH.prede[5]   8.291e-01  0.059325 0.0010831      0.0010831
vLH.prede[6]   6.254e-01  0.090558 0.0016534      0.0016534
vLH.prede[7]   5.860e-01  0.131420 0.0023994      0.0023994
vLH.prede[8]   6.036e-01  0.062599 0.0011429      0.0011429
vLH.prede[9]   6.054e-01  0.201320 0.0036756      0.0036756
vLH.prede[10]  6.527e-01  0.101077 0.0018454      0.0018454
vLL.pred[1]    6.498e-01  0.049548 0.0009046      0.0009046
vLL.pred[2]    5.969e-01  0.044908 0.0008199      0.0009580
vLL.pred[3]    5.723e-01  0.045288 0.0008268      0.0008679
vLL.pred[4]    5.716e-01  0.056961 0.0010400      0.0011346
vLL.pred[5]    7.572e-01  0.032182 0.0005876      0.0006253
vLL.pred[6]    3.823e-01  0.044124 0.0008056      0.0008056
vLL.pred[7]    4.114e-01  0.062608 0.0011431      0.0011431
vLL.pred[8]    3.691e-01  0.034511 0.0006301      0.0006856
vLL.pred[9]   -5.236e-03  0.089132 0.0016273      0.0016273
vLL.pred[10]   5.009e-01  0.047723 0.0008713      0.0008713
vLL.prede[1]   6.494e-01  0.109922 0.0020069      0.0021030
vLL.prede[2]   5.976e-01  0.094143 0.0017188      0.0017188
vLL.prede[3]   5.722e-01  0.098832 0.0018044      0.0018728
vLL.prede[4]   5.731e-01  0.131104 0.0023936      0.0023936
vLL.prede[5]   7.580e-01  0.064437 0.0011764      0.0012162
vLL.prede[6]   3.842e-01  0.100922 0.0018426      0.0018426
vLL.prede[7]   4.107e-01  0.146381 0.0026725      0.0026725
vLL.prede[8]   3.700e-01  0.068125 0.0012438      0.0012438
vLL.prede[9]  -1.266e-02  0.212719 0.0038837      0.0038837
vLL.prede[10]  5.009e-01  0.108496 0.0019809      0.0020932

2. Quantiles for each variable:

                    2.5%        25%        50%        75%      97.5%
a[1]           7.112e-01  7.342e-01  7.466e-01  7.590e-01  7.833e-01
a[2]           5.633e-01  5.853e-01  5.960e-01  6.077e-01  6.309e-01
a[3]           4.925e-01  5.139e-01  5.247e-01  5.352e-01  5.573e-01
a[4]           5.716e-01  5.995e-01  6.143e-01  6.283e-01  6.571e-01
a[5]           7.803e-01  7.949e-01  8.025e-01  8.101e-01  8.255e-01
a[6]           5.052e-01  5.273e-01  5.388e-01  5.500e-01  5.727e-01
a[7]           4.750e-01  5.065e-01  5.221e-01  5.375e-01  5.685e-01
a[8]           4.944e-01  5.113e-01  5.198e-01  5.276e-01  5.436e-01
a[9]           3.171e-01  3.622e-01  3.847e-01  4.077e-01  4.526e-01
a[10]          5.603e-01  5.859e-01  5.985e-01  6.109e-01  6.338e-01
a[11]         -8.923e-02 -6.415e-02 -5.153e-02 -3.914e-02 -1.262e-02
a[12]          4.686e-01  5.027e-01  5.196e-01  5.379e-01  5.770e-01
a[13]          2.600e-01  2.890e-01  3.031e-01  3.176e-01  3.459e-01
a[14]          2.552e-01  3.044e-01  3.285e-01  3.522e-01  4.003e-01
a[15]         -5.719e-02 -4.140e-02 -3.252e-02 -2.338e-02 -6.618e-03
a[16]          5.376e-01  5.588e-01  5.688e-01  5.791e-01  6.020e-01
a[17]          2.885e-01  3.151e-01  3.271e-01  3.397e-01  3.656e-01
a[18]          5.602e-01  5.813e-01  5.909e-01  6.008e-01  6.212e-01
a[19]          3.118e-01  3.427e-01  3.580e-01  3.730e-01  4.043e-01
a[20]          3.401e-01  3.720e-01  3.886e-01  4.054e-01  4.366e-01
b[1]           3.603e-03  2.941e-02  4.208e-02  5.512e-02  7.977e-02
b[2]          -3.370e-02 -1.195e-02 -2.213e-04  1.122e-02  3.520e-02
b[3]          -5.539e-02 -3.234e-02 -2.072e-02 -9.000e-03  1.547e-02
b[4]          -2.708e-02  3.372e-03  1.841e-02  3.311e-02  6.304e-02
b[5]          -5.356e-03  1.159e-02  1.992e-02  2.783e-02  4.462e-02
b[6]           3.425e-02  5.649e-02  6.781e-02  7.922e-02  1.035e-01
b[7]           8.651e-04  3.117e-02  4.782e-02  6.409e-02  9.907e-02
b[8]           3.812e-02  5.655e-02  6.540e-02  7.431e-02  9.167e-02
b[9]           1.009e-01  1.463e-01  1.695e-01  1.932e-01  2.399e-01
b[10]          4.715e-03  2.956e-02  4.188e-02  5.544e-02  7.904e-02
b[11]         -3.760e-02 -5.849e-03  9.382e-03  2.443e-02  5.365e-02
b[12]         -1.177e-02  2.738e-02  4.694e-02  6.462e-02  1.038e-01
b[13]         -1.725e-02  1.425e-02  2.948e-02  4.417e-02  7.403e-02
b[14]         -7.671e-02 -2.419e-02  3.107e-03  2.941e-02  8.044e-02
b[16]         -6.987e-02 -4.725e-02 -3.621e-02 -2.491e-02  6.939e-05
b[17]         -8.632e-02 -6.016e-02 -4.613e-02 -3.177e-02 -6.283e-03
b[18]         -6.665e-02 -4.732e-02 -3.692e-02 -2.652e-02 -3.209e-03
b[19]         -3.652e-02 -5.484e-03  1.104e-02  2.731e-02  6.054e-02
b[20]         -4.844e-02 -1.692e-02 -3.529e-04  1.686e-02  5.266e-02
deviance      -5.253e+03 -5.177e+03 -5.140e+03 -5.101e+03 -5.029e+03
sd.uL[1]       7.198e-02  8.682e-02  9.562e-02  1.064e-01  1.319e-01
sd.uL[2]       6.067e-02  7.304e-02  8.112e-02  9.020e-02  1.105e-01
sd.uL[3]       6.260e-02  7.593e-02  8.386e-02  9.265e-02  1.137e-01
sd.uL[4]       8.610e-02  1.032e-01  1.136e-01  1.256e-01  1.558e-01
sd.uL[5]       3.812e-02  4.769e-02  5.362e-02  6.036e-02  7.600e-02
sd.uL[6]       6.543e-02  7.839e-02  8.702e-02  9.641e-02  1.178e-01
sd.uL[7]       9.690e-02  1.152e-01  1.262e-01  1.395e-01  1.702e-01
sd.uL[8]       4.165e-02  5.137e-02  5.733e-02  6.434e-02  8.069e-02
sd.uL[9]       1.475e-01  1.736e-01  1.892e-01  2.086e-01  2.510e-01
sd.uL[10]      7.125e-02  8.510e-02  9.402e-02  1.040e-01  1.273e-01
sd.uL[11]      1.757e-02  3.767e-02  4.926e-02  6.249e-02  9.318e-02
sd.uL[12]      1.103e-02  4.213e-02  6.008e-02  8.023e-02  1.271e-01
sd.uL[13]      4.248e-02  6.255e-02  7.364e-02  8.740e-02  1.186e-01
sd.uL[14]      1.106e-01  1.427e-01  1.628e-01  1.865e-01  2.448e-01
sd.uL[16]      3.182e-02  4.643e-02  5.546e-02  6.567e-02  9.108e-02
sd.uL[17]      5.851e-02  7.466e-02  8.514e-02  9.697e-02  1.268e-01
sd.uL[18]      2.137e-02  3.753e-02  4.776e-02  5.951e-02  8.416e-02
sd.uL[19]      7.894e-02  9.617e-02  1.083e-01  1.226e-01  1.562e-01
sd.uL[20]      8.162e-02  1.025e-01  1.163e-01  1.321e-01  1.694e-01
vLH.pred[1]    7.414e-01  7.819e-01  8.028e-01  8.219e-01  8.621e-01
vLH.pred[2]    5.433e-01  5.771e-01  5.958e-01  6.147e-01  6.535e-01
vLH.pred[3]    4.417e-01  4.794e-01  4.973e-01  5.158e-01  5.516e-01
vLH.pred[4]    5.653e-01  6.138e-01  6.383e-01  6.622e-01  7.105e-01
vLH.pred[5]    7.900e-01  8.152e-01  8.290e-01  8.412e-01  8.676e-01
vLH.pred[6]    5.723e-01  6.091e-01  6.278e-01  6.462e-01  6.844e-01
vLH.pred[7]    5.079e-01  5.594e-01  5.844e-01  6.097e-01  6.605e-01
vLH.pred[8]    5.635e-01  5.918e-01  6.049e-01  6.189e-01  6.454e-01
vLH.pred[9]    4.902e-01  5.700e-01  6.068e-01  6.454e-01  7.186e-01
vLH.pred[10]   5.919e-01  6.326e-01  6.541e-01  6.743e-01  7.136e-01
vLH.prede[1]   6.000e-01  7.324e-01  7.989e-01  8.697e-01  1.005e+00
vLH.prede[2]   4.222e-01  5.379e-01  5.973e-01  6.565e-01  7.734e-01
vLH.prede[3]   3.165e-01  4.362e-01  4.958e-01  5.547e-01  6.782e-01
vLH.prede[4]   3.866e-01  5.560e-01  6.386e-01  7.175e-01  8.776e-01
vLH.prede[5]   7.143e-01  7.908e-01  8.284e-01  8.677e-01  9.477e-01
vLH.prede[6]   4.439e-01  5.651e-01  6.271e-01  6.854e-01  8.030e-01
vLH.prede[7]   3.225e-01  4.986e-01  5.866e-01  6.719e-01  8.397e-01
vLH.prede[8]   4.777e-01  5.619e-01  6.048e-01  6.452e-01  7.258e-01
vLH.prede[9]   2.069e-01  4.738e-01  6.069e-01  7.358e-01  9.847e-01
vLH.prede[10]  4.548e-01  5.874e-01  6.504e-01  7.183e-01  8.558e-01
vLL.pred[1]    5.517e-01  6.176e-01  6.499e-01  6.823e-01  7.482e-01
vLL.pred[2]    5.049e-01  5.674e-01  5.969e-01  6.265e-01  6.849e-01
vLL.pred[3]    4.813e-01  5.437e-01  5.726e-01  6.016e-01  6.608e-01
vLL.pred[4]    4.620e-01  5.346e-01  5.704e-01  6.087e-01  6.857e-01
vLL.pred[5]    6.929e-01  7.365e-01  7.568e-01  7.776e-01  8.222e-01
vLL.pred[6]    2.932e-01  3.542e-01  3.830e-01  4.112e-01  4.678e-01
vLL.pred[7]    2.870e-01  3.719e-01  4.108e-01  4.529e-01  5.308e-01
vLL.pred[8]    3.017e-01  3.469e-01  3.685e-01  3.920e-01  4.388e-01
vLL.pred[9]   -1.794e-01 -6.565e-02 -4.306e-03  5.401e-02  1.677e-01
vLL.pred[10]   4.082e-01  4.698e-01  5.005e-01  5.319e-01  5.979e-01
vLL.prede[1]   4.319e-01  5.774e-01  6.473e-01  7.210e-01  8.662e-01
vLL.prede[2]   4.187e-01  5.364e-01  5.968e-01  6.582e-01  7.858e-01
vLL.prede[3]   3.705e-01  5.090e-01  5.731e-01  6.388e-01  7.647e-01
vLL.prede[4]   3.157e-01  4.857e-01  5.726e-01  6.590e-01  8.345e-01
vLL.prede[5]   6.298e-01  7.174e-01  7.593e-01  7.988e-01  8.895e-01
vLL.prede[6]   1.801e-01  3.175e-01  3.857e-01  4.526e-01  5.788e-01
vLL.prede[7]   1.124e-01  3.141e-01  4.115e-01  5.090e-01  6.928e-01
vLL.prede[8]   2.371e-01  3.232e-01  3.695e-01  4.163e-01  5.036e-01
vLL.prede[9]  -4.460e-01 -1.545e-01 -6.873e-03  1.215e-01  4.123e-01
vLL.prede[10]  2.872e-01  4.307e-01  5.000e-01  5.709e-01  7.276e-01

> HPDinterval(fit.coda,prob = .95) # HPD intervals
[[1]]
                   lower      upper
a[1]           7.108e-01  7.826e-01
a[2]           5.632e-01  6.304e-01
a[3]           4.922e-01  5.569e-01
a[4]           5.710e-01  6.567e-01
a[5]           7.793e-01  8.244e-01
a[6]           5.058e-01  5.730e-01
a[7]           4.770e-01  5.689e-01
a[8]           4.947e-01  5.438e-01
a[9]           3.170e-01  4.518e-01
a[10]          5.631e-01  6.357e-01
a[11]         -8.547e-02 -9.614e-03
a[12]          4.671e-01  5.749e-01
a[13]          2.595e-01  3.454e-01
a[14]          2.592e-01  4.022e-01
a[15]         -5.684e-02 -6.258e-03
a[16]          5.401e-01  6.041e-01
a[17]          2.879e-01  3.646e-01
a[18]          5.619e-01  6.223e-01
a[19]          3.154e-01  4.056e-01
a[20]          3.410e-01  4.374e-01
b[1]           5.239e-03  8.084e-02
b[2]          -3.326e-02  3.568e-02
b[3]          -5.539e-02  1.547e-02
b[4]          -2.749e-02  6.240e-02
b[5]          -5.679e-03  4.413e-02
b[6]           3.310e-02  1.020e-01
b[7]           3.413e-03  1.007e-01
b[8]           3.974e-02  9.305e-02
b[9]           1.036e-01  2.422e-01
b[10]          5.279e-03  7.933e-02
b[11]         -3.862e-02  5.233e-02
b[12]         -8.883e-03  1.059e-01
b[13]         -1.423e-02  7.623e-02
b[14]         -7.801e-02  7.883e-02
b[16]         -6.788e-02  1.283e-03
b[17]         -8.642e-02 -6.288e-03
b[18]         -6.633e-02 -2.758e-03
b[19]         -3.623e-02  6.101e-02
b[20]         -4.718e-02  5.347e-02
deviance      -5.249e+03 -5.026e+03
sd.uL[1]       6.924e-02  1.277e-01
sd.uL[2]       5.974e-02  1.087e-01
sd.uL[3]       6.099e-02  1.111e-01
sd.uL[4]       8.391e-02  1.514e-01
sd.uL[5]       3.686e-02  7.389e-02
sd.uL[6]       6.437e-02  1.161e-01
sd.uL[7]       9.352e-02  1.655e-01
sd.uL[8]       4.034e-02  7.782e-02
sd.uL[9]       1.424e-01  2.424e-01
sd.uL[10]      6.903e-02  1.247e-01
sd.uL[11]      1.651e-02  9.194e-02
sd.uL[12]      7.892e-03  1.177e-01
sd.uL[13]      4.034e-02  1.150e-01
sd.uL[14]      1.067e-01  2.346e-01
sd.uL[16]      2.963e-02  8.764e-02
sd.uL[17]      5.744e-02  1.233e-01
sd.uL[18]      1.963e-02  8.201e-02
sd.uL[19]      7.622e-02  1.525e-01
sd.uL[20]      7.927e-02  1.645e-01
vLH.pred[1]    7.426e-01  8.630e-01
vLH.pred[2]    5.413e-01  6.500e-01
vLH.pred[3]    4.417e-01  5.516e-01
vLH.pred[4]    5.684e-01  7.127e-01
vLH.pred[5]    7.883e-01  8.649e-01
vLH.pred[6]    5.714e-01  6.832e-01
vLH.pred[7]    5.157e-01  6.661e-01
vLH.pred[8]    5.660e-01  6.472e-01
vLH.pred[9]    4.809e-01  7.087e-01
vLH.pred[10]   5.928e-01  7.143e-01
vLH.prede[1]   6.067e-01  1.010e+00
vLH.prede[2]   4.223e-01  7.736e-01
vLH.prede[3]   3.160e-01  6.776e-01
vLH.prede[4]   4.010e-01  8.846e-01
vLH.prede[5]   7.143e-01  9.481e-01
vLH.prede[6]   4.439e-01  8.031e-01
vLH.prede[7]   3.204e-01  8.359e-01
vLH.prede[8]   4.823e-01  7.284e-01
vLH.prede[9]   2.203e-01  9.966e-01
vLH.prede[10]  4.476e-01  8.478e-01
vLL.pred[1]    5.611e-01  7.551e-01
vLL.pred[2]    5.077e-01  6.864e-01
vLL.pred[3]    4.827e-01  6.615e-01
vLL.pred[4]    4.659e-01  6.877e-01
vLL.pred[5]    6.945e-01  8.223e-01
vLL.pred[6]    2.976e-01  4.715e-01
vLL.pred[7]    2.881e-01  5.319e-01
vLL.pred[8]    3.038e-01  4.407e-01
vLL.pred[9]   -1.851e-01  1.611e-01
vLL.pred[10]   4.059e-01  5.956e-01
vLL.prede[1]   4.344e-01  8.677e-01
vLL.prede[2]   4.175e-01  7.823e-01
vLL.prede[3]   3.812e-01  7.695e-01
vLL.prede[4]   3.149e-01  8.329e-01
vLL.prede[5]   6.342e-01  8.930e-01
vLL.prede[6]   1.987e-01  5.934e-01
vLL.prede[7]   1.199e-01  6.977e-01
vLL.prede[8]   2.296e-01  4.942e-01
vLL.prede[9]  -4.578e-01  3.929e-01
vLL.prede[10]  3.011e-01  7.379e-01
attr(,"Probability")
[1] 0.95

> 
