> summary(fit.coda) # results summary

Iterations = 60002:89992
Thinning interval = 10 
Number of chains = 1 
Sample size per chain = 3000 

1. Empirical mean and standard deviation for each variable,
   plus standard error of the mean:

               Mean       SD  Naive SE Time-series SE
deviance -5.402e+03 58.45595 1.0672548      1.0659094
mu.L[1]   7.501e-01  0.01907 0.0003482      0.0003645
mu.L[2]   5.945e-01  0.01588 0.0002900      0.0004069
mu.L[3]   5.221e-01  0.01596 0.0002913      0.0003174
mu.L[4]   6.073e-01  0.02111 0.0003853      0.0003853
mu.L[5]   8.012e-01  0.01189 0.0002171      0.0002479
mu.L[6]   5.330e-01  0.01918 0.0003501      0.0003501
mu.L[7]   5.175e-01  0.02354 0.0004299      0.0004557
mu.L[8]   5.114e-01  0.01554 0.0002836      0.0002993
mu.L[9]   3.772e-01  0.04249 0.0007758      0.0007758
mu.L[10]  5.930e-01  0.01871 0.0003416      0.0003416
mu.L[11] -5.133e-02  0.01926 0.0003516      0.0005954
mu.L[12]  5.226e-01  0.02675 0.0004883      0.0006989
mu.L[13]  3.075e-01  0.02166 0.0003954      0.0004239
mu.L[14]  3.353e-01  0.03413 0.0006232      0.0006726
mu.L[15] -2.978e-02  0.01677 0.0003062      0.0007399
mu.L[16]  5.771e-01  0.01591 0.0002905      0.0002905
mu.L[17]  3.323e-01  0.02139 0.0003904      0.0003904
mu.L[18]  5.967e-01  0.01587 0.0002897      0.0003055
mu.L[19]  3.664e-01  0.02217 0.0004049      0.0004194
mu.L[20]  3.904e-01  0.02438 0.0004452      0.0004713
ppp       7.277e-01  0.44523 0.0081288      0.0080423
sd.L[1]   1.040e-01  0.01597 0.0002915      0.0002915
sd.L[2]   7.872e-02  0.01213 0.0002215      0.0002215
sd.L[3]   8.230e-02  0.01262 0.0002304      0.0002304
sd.L[4]   1.179e-01  0.01670 0.0003049      0.0003049
sd.L[5]   5.808e-02  0.00969 0.0001769      0.0001773
sd.L[6]   1.000e-01  0.01465 0.0002674      0.0002845
sd.L[7]   1.298e-01  0.01831 0.0003344      0.0003344
sd.L[8]   8.006e-02  0.01285 0.0002346      0.0002566
sd.L[9]   2.465e-01  0.03353 0.0006121      0.0006360
sd.L[10]  1.016e-01  0.01483 0.0002708      0.0002920
sd.L[11]  5.071e-02  0.01933 0.0003529      0.0006042
sd.L[12]  6.604e-02  0.02691 0.0004914      0.0008696
sd.L[13]  8.022e-02  0.01888 0.0003447      0.0003829
sd.L[14]  1.580e-01  0.03141 0.0005735      0.0006627
sd.L[15]  2.769e-02  0.01570 0.0002866      0.0007520
sd.L[16]  6.359e-02  0.01496 0.0002732      0.0002680
sd.L[17]  9.914e-02  0.01894 0.0003458      0.0003641
sd.L[18]  5.972e-02  0.01690 0.0003086      0.0003800
sd.L[19]  1.069e-01  0.01874 0.0003421      0.0003590
sd.L[20]  1.217e-01  0.02181 0.0003981      0.0004118

2. Quantiles for each variable:

               2.5%        25%        50%        75%      97.5%
deviance -5.520e+03 -5.440e+03 -5.400e+03 -5.362e+03 -5.288e+03
mu.L[1]   7.123e-01  7.378e-01  7.503e-01  7.626e-01  7.876e-01
mu.L[2]   5.637e-01  5.838e-01  5.941e-01  6.050e-01  6.257e-01
mu.L[3]   4.906e-01  5.115e-01  5.221e-01  5.326e-01  5.535e-01
mu.L[4]   5.643e-01  5.936e-01  6.076e-01  6.210e-01  6.493e-01
mu.L[5]   7.775e-01  7.933e-01  8.014e-01  8.091e-01  8.241e-01
mu.L[6]   4.959e-01  5.205e-01  5.328e-01  5.454e-01  5.717e-01
mu.L[7]   4.716e-01  5.022e-01  5.176e-01  5.330e-01  5.637e-01
mu.L[8]   4.796e-01  5.014e-01  5.115e-01  5.218e-01  5.410e-01
mu.L[9]   2.938e-01  3.491e-01  3.769e-01  4.057e-01  4.600e-01
mu.L[10]  5.565e-01  5.809e-01  5.927e-01  6.053e-01  6.297e-01
mu.L[11] -8.793e-02 -6.432e-02 -5.160e-02 -3.889e-02 -1.262e-02
mu.L[12]  4.712e-01  5.036e-01  5.221e-01  5.398e-01  5.765e-01
mu.L[13]  2.645e-01  2.930e-01  3.078e-01  3.217e-01  3.499e-01
mu.L[14]  2.688e-01  3.127e-01  3.339e-01  3.576e-01  4.021e-01
mu.L[15] -6.260e-02 -4.027e-02 -3.089e-02 -1.940e-02  4.668e-03
mu.L[16]  5.462e-01  5.667e-01  5.773e-01  5.871e-01  6.094e-01
mu.L[17]  2.933e-01  3.176e-01  3.317e-01  3.459e-01  3.755e-01
mu.L[18]  5.656e-01  5.860e-01  5.964e-01  6.073e-01  6.280e-01
mu.L[19]  3.258e-01  3.512e-01  3.659e-01  3.809e-01  4.112e-01
mu.L[20]  3.417e-01  3.742e-01  3.902e-01  4.069e-01  4.379e-01
ppp       0.000e+00  0.000e+00  1.000e+00  1.000e+00  1.000e+00
sd.L[1]   7.715e-02  9.286e-02  1.023e-01  1.135e-01  1.406e-01
sd.L[2]   5.844e-02  7.021e-02  7.770e-02  8.601e-02  1.065e-01
sd.L[3]   6.134e-02  7.334e-02  8.094e-02  9.006e-02  1.105e-01
sd.L[4]   8.991e-02  1.062e-01  1.166e-01  1.282e-01  1.552e-01
sd.L[5]   4.168e-02  5.142e-02  5.719e-02  6.357e-02  8.018e-02
sd.L[6]   7.572e-02  8.958e-02  9.869e-02  1.085e-01  1.324e-01
sd.L[7]   9.890e-02  1.171e-01  1.282e-01  1.407e-01  1.704e-01
sd.L[8]   5.888e-02  7.118e-02  7.878e-02  8.749e-02  1.081e-01
sd.L[9]   1.910e-01  2.233e-01  2.432e-01  2.662e-01  3.224e-01
sd.L[10]  7.742e-02  9.114e-02  9.979e-02  1.102e-01  1.362e-01
sd.L[11]  1.655e-02  3.735e-02  4.934e-02  6.245e-02  9.274e-02
sd.L[12]  1.993e-02  4.728e-02  6.390e-02  8.235e-02  1.254e-01
sd.L[13]  4.751e-02  6.711e-02  7.853e-02  9.163e-02  1.220e-01
sd.L[14]  1.040e-01  1.363e-01  1.549e-01  1.766e-01  2.288e-01
sd.L[15]  3.723e-03  1.631e-02  2.571e-02  3.727e-02  6.112e-02
sd.L[16]  3.810e-02  5.329e-02  6.198e-02  7.210e-02  9.667e-02
sd.L[17]  6.748e-02  8.563e-02  9.766e-02  1.111e-01  1.417e-01
sd.L[18]  3.044e-02  4.810e-02  5.809e-02  6.951e-02  9.807e-02
sd.L[19]  7.503e-02  9.343e-02  1.052e-01  1.181e-01  1.483e-01
sd.L[20]  8.560e-02  1.065e-01  1.191e-01  1.343e-01  1.706e-01

> HPDinterval(fit.coda,prob = .95) # HPD intervals
[[1]]
              lower      upper
deviance -5.528e+03 -5.296e+03
mu.L[1]   7.146e-01  7.896e-01
mu.L[2]   5.637e-01  6.257e-01
mu.L[3]   4.905e-01  5.534e-01
mu.L[4]   5.618e-01  6.459e-01
mu.L[5]   7.768e-01  8.234e-01
mu.L[6]   4.959e-01  5.717e-01
mu.L[7]   4.698e-01  5.616e-01
mu.L[8]   4.825e-01  5.422e-01
mu.L[9]   2.995e-01  4.651e-01
mu.L[10]  5.563e-01  6.296e-01
mu.L[11] -8.955e-02 -1.489e-02
mu.L[12]  4.703e-01  5.754e-01
mu.L[13]  2.660e-01  3.508e-01
mu.L[14]  2.684e-01  4.016e-01
mu.L[15] -6.357e-02  3.402e-03
mu.L[16]  5.446e-01  6.063e-01
mu.L[17]  2.935e-01  3.756e-01
mu.L[18]  5.655e-01  6.278e-01
mu.L[19]  3.258e-01  4.114e-01
mu.L[20]  3.431e-01  4.390e-01
ppp       0.000e+00  1.000e+00
sd.L[1]   7.495e-02  1.358e-01
sd.L[2]   5.652e-02  1.019e-01
sd.L[3]   5.932e-02  1.069e-01
sd.L[4]   8.697e-02  1.506e-01
sd.L[5]   4.013e-02  7.730e-02
sd.L[6]   7.530e-02  1.309e-01
sd.L[7]   9.651e-02  1.660e-01
sd.L[8]   5.720e-02  1.053e-01
sd.L[9]   1.861e-01  3.137e-01
sd.L[10]  7.427e-02  1.312e-01
sd.L[11]  1.543e-02  9.057e-02
sd.L[12]  1.498e-02  1.163e-01
sd.L[13]  4.602e-02  1.200e-01
sd.L[14]  1.021e-01  2.241e-01
sd.L[15]  2.473e-03  5.647e-02
sd.L[16]  3.568e-02  9.234e-02
sd.L[17]  6.583e-02  1.383e-01
sd.L[18]  2.805e-02  9.415e-02
sd.L[19]  7.136e-02  1.431e-01
sd.L[20]  8.145e-02  1.649e-01
attr(,"Probability")
[1] 0.95
